> dpcc.df
   Tagprospect   Slideno Tagarmid Dpccperfoll Dpccpermm2 Surfarea  Bwt  Np  Nps
1        A8000  431/80    71E4012       51.85         NA   0.8593 79.5  NA   NA
2        B0660  006/85    71E4533       85.70       2802   0.7066 22.0 2.1 32.7
3        A7994  424/10/1  72E4030      124.05         NA   0.9667 35.2  NA   NA
4        A8010  428/80    72E4078       36.40         NA   0.9703 35.4  NA   NA
5        B0661  729/87    73E4037       89.25       4177   0.7509 24.1 3.9 46.8
6        B0663  007/85    73E4083       83.50         NA   0.8805 30.6  NA   NA
7        -8581  003/85    73E4132       57.00       4617   0.8417 28.6 3.1 81.0
8        B0651  974/83    73E4289      100.15       3585   0.7878 25.9 1.6 35.8
9        A8003  425/80/1  73E4327       41.85         NA   0.8140 27.2  NA   NA
10       A8007  427/      73E4437       67.60         NA   0.8239 27.7  NA   NA
11       A8009  423/80    73E4591       75.15         NA   0.8100 27.0  NA   NA
12       B0718  004/85    74E4015       35.50         NA   0.8319 28.1  NA   NA
13       A8008  433/80    74E4069       61.70       2178   0.8766 30.4 2.4 35.3
14       B0719  976/83    74E4073       57.60       2742   0.8319 28.1 2.5 47.6
15       A8002  434/      74E4074       31.30       2513   0.8515 29.1 3.7 80.3
16       B0655  973/83    74E4096       95.80       3621   0.7878 25.9 2.3 37.8
17       B0662  972/83    74E4216       72.10       2992   0.9903 36.5 2.9 41.5
18       A7997  435/80    74E4338       52.95         NA   0.9408 33.8  NA   NA
19       A8006  426/80    74E4466      104.20         NA   0.7777 25.4  NA   NA
20       B0653  971/83    74E4467       99.80       2565   0.8100 27.0 2.8 25.7
21       B0717  979/83    74E4501       70.05       3390   0.8901 31.1 3.3 48.4
22       -8586  002/85    74E4506       77.20       3682   0.8417 28.6 4.9 47.7
23       A7995  430/80    74E4552       74.10       3409   0.9703 35.4 3.7 46.0
24       A8005  429/80    74E4595       39.05       2866   0.8100 27.0 3.2 73.4
25       B0654  005/85    75E4008       69.80         NA   0.9334 33.4  NA   NA
26       -8598  975/83    75E4093       79.35       3103   0.8766 30.4 2.7 39.1
27       B8590  008/85    75E4274       80.60       2636   0.9334 33.4 2.4 32.7
28       -8584  977/83    75E4298       54.20       2607   0.8319 28.1 2.5 48.1
29       B0652  980/83    75E4299       56.50       2689   0.7592 24.5 2.8 47.6
30       B0658  978/83    75E4389       68.15       2051   0.7838 25.7 1.2 30.1
31       -8583  981/83    75E4421       69.15       2282   0.8200 27.5 2.8 33.0
32       -8593  001/85    75E4490       44.10       3303   0.8805 30.6 2.8 74.9
33       -8603  012/85    75E4522       85.05       4295   0.9903 36.5 4.4 50.5
34       -8600  009/85    75E4533       65.85       2647   0.9371 33.6 3.0 40.2
35       -8602  744/87    76E4172       43.00       4055   0.6719 20.4 3.6 94.3
36       -8589  970/83    76E4328       47.15       3267   0.6318 18.6 2.7 69.3
37       -8604  982/83    77-5226       61.15       2941   0.6719 20.4 2.7 48.1
38       -7996  422/84/3  77-5253       59.90         NA   0.6829 20.9  NA   NA
39       A7998  436/80    78L5006       70.25         NA   0.8805 30.6  NA   NA
40       -8596  010/85    78L5015       60.10       3245   0.7215 22.7 4.2 54.0
41       A7999  439/80    78L5024       64.60         NA   0.8631 29.7  NA   NA
42       -8580  011/85    78L5073       51.00       3320   0.8060 26.8 3.5 65.1
    Cww Cwwperua Stal Staladj Diam Cww2 Cww2adj SorT Hcap Line
1  1.77       NA   63      65 19.2 1.77    1.81    1    6    2
2  2.18     3.09   80      83 24.1 2.18    2.20    1    6    5
3  2.54       NA   92      95 26.2 2.59    2.57    1    6    5
4  2.09       NA   90      93 18.3 2.09    2.10    2    8    6
5  2.12     2.82   72      89 22.0 1.73    2.12    1    6    5
6  2.49       NA   90     111 21.4 2.04    2.49    1    6    5
7  2.33     2.77   80      99 15.9 1.90    2.33    1    6    6
8  2.24     2.84   70      87 27.4 1.83    2.24    1    6    5
9  1.73       NA   70      87 15.4 1.41    1.73    1    6    6
10 2.17       NA   85     105 20.4 1.78    2.17    1    6    1
11 1.80       NA   73      90 23.2 1.47    1.80    2    8    5
12 2.03       NA   77      94 17.2 1.71    2.03    1    7    6
13 2.17     2.48   58      71 24.0 1.83    2.17    2    8    2
14 1.59     1.91   78      95 17.0 1.33    1.59    2    8    6
15 2.08     2.44   92     112 17.0 1.75    2.08    2    8    6
16 1.77     2.25   88     107 24.6 1.49    1.77    1    6    5
17 2.63     2.66   98     119 19.9 2.21    2.63    1    6    1
18 1.75       NA   50      61 21.4 1.48    1.75    1    6    2
19 2.01       NA   83     101 22.8 1.69    2.01    1    7    5
20 1.70     2.10   85     103 26.5 1.43    1.70    2    8    5
21 2.63     2.95   95     116 19.5 2.21    2.63    2    8    1
22 1.44     1.71   63      77 24.1 1.21    1.44    2    9    5
23 2.42     2.49  100     122 23.1 2.04    2.42    1    6    1
24 1.56     1.93   68      83 16.9 1.32    1.56    2    8    6
25 1.59       NA   53      79 19.9 1.16    1.59    1    6    2
26 2.34     2.67   82     123 20.9 1.71    2.34    2    8    1
27 1.76     1.77   55      82 20.4 1.29    1.76    1    6    5
28 1.52     1.83   48      72 19.1 1.11    1.52    2    8    2
29 1.34     1.76   48      NA 21.0 0.98      NA   NA   NA    2
30 1.18     1.52   37      55 20.1 0.86    1.18    1    6    2
31 1.70     2.07   73     109 20.0 1.25    1.70    2    8    1
32 1.76     2.00   55      82 16.1 1.29    1.76    1    6    6
33 1.83     1.85   47      70 21.1 1.34    1.83    2    8    2
34 2.48     2.65   73     109 18.1 1.81    2.48    1    6    1
35 2.24     3.33   84      NA   NA 2.06      NA   NA   NA    6
36 2.04     3.23   84      NA   NA 1.88      NA   NA   NA    6
37 2.00     2.98   72      NA   NA 2.00      NA   NA   NA    2
38 1.78       NA   90      NA   NA 1.78      NA   NA   NA    6
39 2.52       NA  115      NA   NA 2.55      NA   NA   NA    1
40 2.05     2.84  113      NA   NA 2.07      NA   NA   NA    1
41 2.15       NA   70      NA   NA 1.37      NA   NA   NA    1
42 1.22     1.51   57      NA   NA 1.57      NA   NA   NA    2
> 
